data/train/IMG_6821_jpg.rf.085db99cf51349548087fa629a15868d.jpg 232,227,286,262,0 213,235,369,356,0
data/train/PXL_20201107_021341143_jpg.rf.03e2fa3361e1e8ae9bfdb4f2dde2203a.jpg 143,151,375,346,0 158,86,331,197,0
data/train/PXL_20201107_021350055_jpg.rf.144cf464d38db6ef228ddcc006a464bc.jpg 113,102,296,242,0 78,158,315,397,0
data/train/PXL_20201107_191150218_jpg.rf.009bef1c874f3e51d375534eadee80b0.jpg 167,226,255,348,0
data/train/PXL_20201107_214721193_jpg.rf.1117e69b14d6ffdc47bf0c78abd5da7b.jpg 86,62,382,409,0
data/train/PXL_20201105_173148569_jpg.rf.22a045bf175813f2b27901439111e525.jpg 163,117,301,314,0
data/train/PXL_20201103_181906837_jpg.rf.16facb85027821d1c4396e0b0c4464a8.jpg 171,220,292,338,0 160,177,261,245,0
data/train/PXL_20201107_021345301_jpg.rf.031b5aa41d066756640fefc8ec5edaf1.jpg 80,170,309,274,0 56,208,369,395,0
data/train/PXL_20201107_191150218_jpg.rf.265313e80937054c8c16eeba4ce1a93b.jpg 170,212,268,342,0
data/train/IMG_6823_jpg.rf.28533445ef71ad35b6ac5a8837bcb80a.jpg 213,257,351,367,0 97,278,136,312,0
data/train/IMG_6824_jpg.rf.10fff1daf67da29ef914c7fc85765d0d.jpg 252,271,352,353,0
data/train/IMG_6822_jpg.rf.1ec2110a68636d47271f185cc17c6477.jpg 242,231,409,351,0 267,215,323,249,0
data/train/PXL_20201103_181911592_jpg.rf.277c5b0bdaaf09ec258953dfd19df8a5.jpg 111,180,192,271,0 171,178,236,257,0
data/train/IMG_6817_jpg.rf.2b27ee700087707e9721d9ef99180953.jpg 220,300,265,338,0
data/train/IMG_6823_jpg.rf.0152dabc07ab1fa867917ee49b39bcee.jpg 222,255,362,368,0 104,291,144,326,0
data/train/IMG_6823_jpg.rf.23b5163605246af7d004f7438aba17f5.jpg 219,269,359,379,0 95,295,135,329,0
data/train/PXL_20201107_021341143_jpg.rf.1ed1af09d285b127fc5296642bc266ec.jpg 149,156,379,353,0 159,96,329,211,0
data/train/package_3_jpg.rf.30b72e3aafc7ef620b301c565333c1ce.jpg 37,233,93,305,0 81,228,238,345,0
data/train/package_3_jpg.rf.0d9a9aff39c3a0ebdc4688341b2897d1.jpg 30,276,82,345,0 76,266,226,373,0
data/train/package_2_jpg.rf.34839cb0632e4e7b635729a456f35efb.jpg 46,170,171,365,0 61,48,415,334,0
data/train/PXL_20201107_214721193_jpg.rf.2914504d63e6867c2dec7374309c4c03.jpg 88,56,395,414,0
data/train/package_1_jpg.rf.08ffa09087971a8d8783c76d1b482ad0.jpg 219,202,278,301,0 85,144,268,288,0
data/train/package_1_jpg.rf.1dd5f86efdbf9d125fee179b79990815.jpg 138,198,197,297,0 150,146,332,289,0
data/train/PXL_20201103_181906837_jpg.rf.35d6cc0732355447142f1d79f24fe5d6.jpg 165,224,286,341,0 163,179,264,246,0
data/train/PXL_20201101_154113387_jpg.rf.309cd309bbda8ce9323a078a80791019.jpg 220,157,326,287,0 225,142,278,207,0
data/train/IMG_6818_jpg.rf.4cf2cbc673b8173c113825f52ed30a16.jpg 257,221,325,269,0
data/train/IMG_6817_jpg.rf.570b3cee12be74810ef82d2e0cb2cc8a.jpg 169,305,213,343,0
data/train/PXL_20201107_191150218_jpg.rf.5111e72c7fa252e48d6280e6f5e36110.jpg 178,214,267,333,0
data/train/PXL_20201107_021350055_jpg.rf.53ead9c45156372421dad906a3caa69c.jpg 113,83,300,229,0 100,137,344,384,0
data/train/PXL_20201107_021345301_jpg.rf.732d94dd09b1d5771004ab65daf462af.jpg 103,183,338,286,0 30,219,351,406,0
data/train/IMG_6823_jpg.rf.552a6bff2aaef726d213786fbb747a30.jpg 219,246,361,362,0 105,289,145,325,0
data/train/PXL_20201107_021345301_jpg.rf.58bfcfd721d4ce6df4326264ff292e8c.jpg 97,164,323,263,0 75,202,384,382,0
data/train/IMG_6817_jpg.rf.4f0c645ca6bfa29783ebafc3cf6ee1c0.jpg 163,278,210,319,0
data/train/IMG_6824_jpg.rf.4b29a32115559fd73915425f25feb992.jpg 87,265,184,345,0
data/train/PXL_20201107_191150218_jpg.rf.4bcdb342b5a5a12e85aa4c6636609426.jpg 134,199,224,325,0
data/train/package_3_jpg.rf.7bfe31ef69296872df37ee49f5061974.jpg 313,276,368,346,0 172,256,324,369,0
data/train/PXL_20201101_154113387_jpg.rf.5986f049935f2858946577b2c7c6fa7e.jpg 229,158,337,288,0 239,143,293,209,0
data/train/PXL_20201107_021350055_jpg.rf.4d80730bad902255de8af29654912420.jpg 91,82,278,226,0 56,140,298,385,0
data/train/PXL_20201107_021345301_jpg.rf.4c41b72ab988e2cfab5f6f6c57a8a614.jpg 88,163,313,258,0 68,202,375,377,0
data/train/package_1_jpg.rf.607a49e86d23ef1c47f3a729dc00aee2.jpg 225,197,285,299,0 87,138,274,286,0
data/train/PXL_20201107_191147238_jpg.rf.6f896ac457b474ab2aae1a5374b7f909.jpg 164,168,284,278,0
data/train/PXL_20201103_181906837_jpg.rf.749503f526856a035fe2f434ced8896e.jpg 159,226,281,345,0 158,180,260,249,0
data/train/PXL_20201107_191147238_jpg.rf.598135318404d88794e941a28f3a4ac0.jpg 116,172,234,281,0
data/train/PXL_20201107_191147238_jpg.rf.47e6c1b25fc02b7f43e72da37a596576.jpg 122,163,242,274,0
data/train/IMG_6823_jpg.rf.699339f729b7c3406069ab56fb3eaf1c.jpg 59,255,196,365,0 273,288,312,322,0
data/train/IMG_6818_jpg.rf.538e298294e63232e75784890e05b146.jpg 259,221,328,270,0
data/train/IMG_6824_jpg.rf.503fab1e5ae74ba26fca797c54345298.jpg 256,253,360,340,0
data/train/IMG_6821_jpg.rf.7b68785404b930c5d830840dfde62f56.jpg 107,196,163,235,0 18,200,183,331,0
data/train/IMG_6821_jpg.rf.826f645c8e16d9e706f2f128802a1ec8.jpg 117,225,169,260,0 40,234,192,353,0
data/train/IMG_6822_jpg.rf.8008612b9801f9dfd8829f48c3e6993b.jpg 1,225,169,345,0 88,208,145,242,0
data/train/IMG_6817_jpg.rf.844adc441aed7f7c029881844b9638e6.jpg 226,294,269,330,0
data/train/package_2_jpg.rf.8c973fc25e3e5d21b9c530a10fee8b9c.jpg 255,164,385,369,0 0,38,368,336,0
data/train/PXL_20201107_021341143_jpg.rf.89aef42805d74a1e0ad351d560dd3f5c.jpg 156,162,391,363,0 166,101,339,218,0
data/train/IMG_6821_jpg.rf.5ca1f8dc4beb0175886056ee64eaf80a.jpg 252,225,305,260,0 233,231,386,351,0
data/train/PXL_20201107_214721193_jpg.rf.92416e3d4212a14ebe756fcdea0f1765.jpg 18,52,364,415,0
data/train/PXL_20201103_181911592_jpg.rf.9c27d12c160121f3d51700fa27cae020.jpg 220,164,300,255,0 174,165,237,244,0
data/train/PXL_20201103_181906837_jpg.rf.942c8fcd2ddb2d1215ce363d9b9e5f0b.jpg 107,207,239,334,0 131,156,241,230,0
data/train/PXL_20201101_154113387_jpg.rf.aaa8c7ebf3207fa89d89ad5969fd8451.jpg 219,153,325,281,0 229,139,282,203,0
data/train/PXL_20201107_021350055_jpg.rf.afcbc3fa4e897a35c63135a66eafe608.jpg 86,100,281,251,0 50,158,304,414,0
data/train/PXL_20201101_154113387_jpg.rf.aad9f91d05c982828bdee2bec8459e7e.jpg 228,155,334,283,0 238,141,291,205,0
data/train/package_2_jpg.rf.b9194262104bda818963af3ca6ddd709.jpg 44,171,176,367,0 52,39,415,336,0
data/train/PXL_20201107_191147238_jpg.rf.9f6102c4d9318ae3d716342d7ea9b156.jpg 133,171,245,274,0
data/train/IMG_6822_jpg.rf.a54c178d419dce1eb59b2519ec16de73.jpg 239,209,401,323,0 258,195,312,228,0
data/train/PXL_20201107_191150218_jpg.rf.8b8d339f55ad4baae2978c80c09c85f3.jpg 185,222,275,343,0
data/train/PXL_20201107_191147238_jpg.rf.9d63ec18291d4cd381f9dec15281e571.jpg 180,171,296,278,0
data/train/IMG_6822_jpg.rf.8dc603ee40103634eb1201a1d66f89aa.jpg 224,210,395,329,0 246,193,304,227,0
data/train/PXL_20201107_021345301_jpg.rf.b4df291f55e8a30bab135553660d1180.jpg 103,164,321,263,0 45,200,344,378,0
data/train/package_2_jpg.rf.a8df724f76d97bc0ecbe104ac0ad6595.jpg 245,159,378,362,0 0,43,357,343,0
data/train/package_2_jpg.rf.cd280ecf75795f6ceb8acc3524ef8e50.jpg 46,171,172,367,0 61,49,415,336,0
data/train/package_1_jpg.rf.b38aca10bd8c1c7187ac5202ad8daa7b.jpg 217,197,276,298,0 77,142,263,288,0
data/train/PXL_20201105_173148569_jpg.rf.b1a0f50296e39ac0ef969220cac58f64.jpg 141,109,290,311,0
data/train/PXL_20201105_173148569_jpg.rf.bd0e5919a322d8262e471515a0df62a9.jpg 145,118,284,316,0
data/train/PXL_20201107_021341143_jpg.rf.ab93a4a28d5c44001af8953fb7a29578.jpg 40,159,264,349,0 87,99,253,209,0
data/train/package_3_jpg.rf.cecca628e331af9c9a2a7831c34f8612.jpg 303,259,353,325,0 164,249,309,351,0
data/train/IMG_6821_jpg.rf.c3eb2feda02ef6b66d055ed3a1b35c99.jpg 238,217,288,250,0 217,226,363,339,0
data/train/IMG_6818_jpg.rf.88e460792f0c2f00c939494186207e02.jpg 96,227,163,275,0
data/train/PXL_20201103_181906837_jpg.rf.bbd8b8a92c323d90e0e815dd3a8246f9.jpg 164,213,290,334,0 156,163,263,231,0
data/train/IMG_6817_jpg.rf.bfe8f41397cf45973b1e132292980281.jpg 222,283,265,320,0
data/train/IMG_6818_jpg.rf.d1c0488ba7217f2e3f22985453962478.jpg 93,234,161,282,0
data/train/PXL_20201105_173148569_jpg.rf.dfea357bf308b00b3241a52324e8f836.jpg 127,116,284,331,0
data/train/IMG_6824_jpg.rf.d334ecdd00d1c88d227cb209eebb96dc.jpg 241,248,338,329,0
data/train/package_3_jpg.rf.f044ebaf45f1c6a419f442ae0e0db98c.jpg 40,261,90,327,0 85,254,230,356,0
data/train/PXL_20201103_181911592_jpg.rf.df400ec758dc388b2a1ccdae895e3b50.jpg 115,173,193,262,0 176,176,238,253,0
data/train/PXL_20201107_214721193_jpg.rf.d99f9ee32d61e29eada5329cf05098cc.jpg 23,30,355,411,0
data/train/IMG_6822_jpg.rf.bb89cc1b4a71cdaa33fbe9fb52844afd.jpg 13,219,190,347,0 104,202,163,239,0
data/train/PXL_20201103_181911592_jpg.rf.f0dcc410046e7493547a62e0651e7dd1.jpg 106,169,187,261,0 168,172,233,251,0
data/train/PXL_20201107_021350055_jpg.rf.e22730e680138929b36973172389455f.jpg 113,98,290,235,0 73,151,304,384,0
data/train/PXL_20201107_214721193_jpg.rf.fb52dba4cf2addec4a3d4cc2e9fa527b.jpg 24,58,335,416,0
data/train/IMG_6824_jpg.rf.e1112765afeb035d826294aedf6b09bf.jpg 224,263,321,343,0
data/train/PXL_20201107_021341143_jpg.rf.cf8c3e25f7103b30e9143920f4c58bce.jpg 149,162,369,347,0 162,100,326,206,0
data/train/IMG_6818_jpg.rf.f641fee3d1cb09c8b538e0f32ae5cf46.jpg 260,219,330,270,0
data/train/package_1_jpg.rf.f896e3ed4110fac4c624a2d6cbc0465c.jpg 131,200,199,309,0 139,132,341,295,0
data/train/PXL_20201103_181911592_jpg.rf.ff9af091a355f1a1bfb5d6690c9394e8.jpg 213,182,294,273,0 168,185,232,264,0
data/train/PXL_20201105_173148569_jpg.rf.fe3f2e53f3402e5ed81bbdcd736d31cf.jpg 147,115,288,312,0
data/train/PXL_20201101_154113387_jpg.rf.bde4683c4883388ba8999bd022227cef.jpg 89,157,187,277,0 133,142,182,203,0
